3|Victoria|[51.503378, -0.139134]|2673
52|Cubitt Town|[51.505199, -0.018848]|23
5|United Kingdom|[54.75844, -2.69531]|459
6|London|[51.50853, -0.12574]|346
296|Bucharest|[44.43225, 26.10626]|9
352|Vilich-Müldorf|[50.75024, 7.15283]|4
48|Gut Scheibenhardt|[49.001249, 8.412378]|3
314|Westerham|[48.0601, 11.62219]|9
45|Honartsdeich|[53.557429, 9.987297]|34
9779|Martinsried|[48.137418, 11.555737]|11
343|Brussels|[50.85045, 4.34878]|27
563|Russell Square|[51.519403, -0.133906]|20
2|Germany|[51.5, 10.5]|20
11|Farringdon|[51.51807, -0.10852]|154
609|Fröttmaning|[48.16652, 11.59038]|3
680|Old Street|[51.527122, -0.087803]|14
26|Maja & Tomi|[48.137418, 11.555737]|10
877|Romania|[46, 25]|45
908|Puddle Dock|[51.51727, -0.090248]|14
4|Richmond Hill|[53.799599, -1.54912]|126
943|Ober Eschbach|[50.21936, 8.63966]|3
518|Old Bailey|[51.51583, -0.10191]|638
633|Basford|[52.955101, -1.14917]|28
361|Haltepunkt München|[50.87003, 11.25456]|5
579|Godstow|[51.784375, -1.308003]|39
573|Lee|[51.451818, -0.02806]|1532
1331|Horam|[50.926542, 0.239511]|26
96|Chesterton|[52.202499, 0.131237]|91
330|Äußere Neustadt|[51.052725, 13.756452]|6
1078|Bray Court|[51.515658, -0.736426]|5
642|East Clandon|[51.253928, -0.4677]|61
916|Guildford|[51.236401, -0.570291]|17
870|Budapest|[47.49801, 19.03991]|10
339|Latchford|[53.392601, -2.58699]|6
1530|Herzogenaurach|[49.56892, 10.88109]|6
9|York Place|[55.950199, -3.18754]|68
1536|Bruges|[51.20892, 3.22424]|1
88|Leigh Woods|[51.455299, -2.5919]|47
28|Holborn|[51.512938, -0.124399]|167
1240|Trowse Newton|[52.628101, 1.29935]|21
1165|Shaw|[51.400398, -1.32186]|9
50|Caversham|[51.455002, -0.969088]|55
12|Lind|[50.940164, 6.969972]|6
962|East Boldon|[54.923249, -1.427965]|135
1472|Kent International Airport|[51.34194, 1.34611]|53
0|Industriehof|[50.11218, 8.68432]|9
726|East Acton|[51.511529, -0.23839]|53
13|Welwyn|[51.841806, -0.219628]|29
755|Hemel Hempstead|[51.75368, -0.44975]|6
1515|Trinafour|[56.79918, -4.254873]|10
1102|Cheltenham|[51.897999, -2.07131]|20
34|Schoenholz|[52.507706, 13.420806]|23
1|Furth|[51.226802, 6.808387]|6
696|Tunbridge Wells|[51.132401, 0.263315]|1
2237|Geistingen|[50.778752, 7.277847]|3
688|Greater Manchester|[53.45, -2.23333]|96
2244||[51.360401, -0.191691]|1
1845|Macclesfield|[53.260799, -2.12819]|2
979|Southend-on-Sea|[51.53782, 0.71433]|2
1114|Alphington|[50.721802, -3.53362]|20
1077|Kempston Hardwick|[52.1357, -0.468044]|1
30|Shankill|[54.597301, -5.93011]|24
862|Shireshead|[53.954491, -2.749077]|26
1415|Harrow on the Hill|[51.57142, -0.33371]|23
1096|Southampton|[50.90395, -1.40428]|21
2528|Royton|[53.541302, -2.11766]|19
99|Newton Heath|[53.480701, -2.23438]|126
841|Huntingdon|[52.3293, -0.185363]|1
1173|Shoreditch|[51.524231, -0.073812]|22
919|Kings Worthy|[51.080127, -1.298703]|33
2605|Oxford|[51.75222, -1.25596]|5
1453|Hornsey|[51.586237, -0.123313]|19
62|Saltley|[52.483002, -1.89359]|31
1107|West Wickham|[51.375401, -0.014667]|46
578|Elton|[52.934907, -0.846093]|5
2653|Derby|[52.92277, -1.47663]|1
858|Derrington|[52.812705, -2.129014]|18
1095|Seacombe|[53.410801, -2.97784]|14
1302|Burton-on-Trent|[52.80728, -1.64263]|9
831|South West London|[51.45668, -0.23518]|111
978|Leyton|[51.54571, -0.016402]|46
1271|Lichfield|[52.683601, -1.82236]|6
85|Brighton|[50.8195, -0.13642]|14
1545||[50.9879, -1.3741]|6
575|Quatt|[52.509745, -2.355658]|21
1110|Milton Bridge|[55.858501, -3.20232]|30
847|South Hinksey|[51.7523, -1.25588]|62
1174|Norwich|[52.62783, 1.29834]|8
1561|Edinburgh|[55.95206, -3.19648]|4
1739|Offham|[50.872951, 0.000827]|5
1316|Bath|[51.3751, -2.36172]|6
342|Upper Stratton|[51.558399, -1.78199]|5
1853|Bristol|[51.45523, -2.59665]|4
660|Westerfield|[52.059299, 1.15567]|2
1994|Gogar|[55.943116, -3.327942]|4
2149|Euston|[51.520599, -0.14536]|4
1335||[51.280701, -0.558597]|1
1220|Basingstoke|[51.262501, -1.08402]|33
1337|Walton on Thames|[51.382999, -0.417298]|5
1756|Stoke Poges|[51.542, -0.5659]|2
1338|Kingston|[51.41259, -0.2974]|4
33|Canstatter Wasen|[48.82278, 9.2152]|13
1175|Dallington|[52.2369, -0.897391]|10
8|Dennistoun|[55.865601, -4.25722]|11
1187|Northern Europe|[61.68987, 2.90039]|8
1403|Sutton Coldfield|[52.5588, -1.80295]|1
3130||[53.566502, -2.88689]|1
824|Neulsenburg|[50.0532, 8.68616]|1
406|In der Sellerbeck|[51.44968, 6.97337]|2
939|Neu-Lindach|[48.17776, 11.25536]|5
2083|Thatto Heath|[53.453899, -2.73689]|1
1712||[53.647301, -3.00733]|1
1633|Birkenhead|[53.3871, -3.02213]|1
956|Marlow|[51.571999, -0.776902]|14
105||[51.5788, -0.33376]|12
2280|Royal Berkshire Hospital|[51.4514, -0.95865]|4
2467|Oldham|[53.54051, -2.1183]|2
818|Stopsley|[51.8797, -0.417558]|7
944|Norbiton|[51.4123, -0.300443]|4
572|Cublington|[51.882057, -0.793508]|16
3267|Moore|[53.341301, -2.63254]|1
733|Glasgow|[55.86515, -4.25763]|15
1615|Clerkenwell|[51.522691, -0.108487]|1
591|Strawberry Hill|[51.4519, -0.330531]|1
1050|Chipping|[53.864322, -2.613864]|30
358|Hatfield|[51.76338, -0.22419]|19
836|Painswick|[51.809675, -2.190877]|39
2021|Matlock Bank|[53.138199, -1.55498]|1
652|Hardenhuish|[51.461102, -2.1195]|4
976|North West London|[51.5585, -0.23827]|6
807|Marchwood|[50.904999, -1.40323]|8
1680|Northampton|[52.25, -0.88333]|2
1098|Birmingham Airport|[52.45386, -1.74803]|5
1318|West Derby|[53.444162, -2.897456]|6
898|Loughborough|[52.770802, -1.20435]|4
265|Ponteland|[55.028274, -1.746207]|19
1006|Diegem|[50.89727, 4.43354]|4
1336|Egham|[51.430801, -0.548153]|11
1116|Guys Cliffe|[52.281898, -1.58447]|33
1295|Didcot|[51.606201, -1.24021]|3
2449|Portobello|[54.891845, -1.543586]|2
1513|Clifton|[53.957699, -1.08229]|3
741|Bemerton|[51.067402, -1.79763]|6
89|Sweden|[62, 15]|18
1306||[52.0233, 0.243034]|5
1167|Fareham|[50.851501, -1.17902]|6
800|Weeke|[51.062901, -1.3165]|4
1440|Trafford Park|[53.487701, -2.29042]|4
1223|Old Milverton|[52.304095, -1.552465]|8
839|Gosport|[50.798901, -1.09116]|3
1520|Havant|[50.856602, -0.985593]|11
2288|Polton|[55.865127, -3.120516]|10
837|Bishops Cannings|[51.352379, -1.941596]|11
835|Gipping|[52.213646, 1.073949]|3
833|Bluntisham|[52.350674, 0.007257]|23
778|Hockering|[52.675334, 1.049377]|8
646|Kingsthorpe|[52.257021, -0.910524]|5
1671|Stockholm|[59.33258, 18.0649]|33
834|Bishop Burton|[53.839668, -0.449584]|5
301|Limperich|[50.71942, 7.112412]|3
2072|Plymouth|[50.37153, -4.14305]|1
3699|Torpoint|[50.372504, -4.22258]|3
2075|Pumpherston|[55.898147, -3.56749]|12
830|Farnsfield|[53.120966, -1.017824]|4
1803|County Antrim|[55, -6.16667]|2
842|Sheffield Canal|[53.38333, -1.46667]|3
1989|Didsbury|[53.443481, -2.268939]|9
2699||[53.480896, -1.276044]|3
590|Hersham|[51.3605, -0.400544]|3
3861|New York|[53.080399, -0.138838]|9
4178|Monxton|[51.206591, -1.552924]|1
1214||[51.185699, -3.08998]|2
1005|Stathe|[51.067069, -2.884066]|10
1273|Cheselbourne|[50.811879, -2.333655]|7
4249|Skövde|[58.39118, 13.84506]|1
10|Paris|[48.85341, 2.3488]|82
1043|Humberstone|[52.64088, -1.083426]|1
580|Flitton|[52.033668, -0.454932]|12
832|Wirksworth|[53.087338, -1.587243]|5
3864|Visby|[57.64089, 18.29602]|1
868|Denmark|[56, 10]|10
1960|Milan|[45.46427, 9.18951]|17
872||[52.2, 0.11667]|1
816|Wrocław|[51.1, 17.03333]|14
934|Copenhagen|[55.67594, 12.56553]|6
1496|Corby|[52.489201, -0.679601]|8
658|Italy|[42.83333, 12.83333]|14
345|Warsaw|[52.22977, 21.01178]|24
3685|Uppsala|[59.85882, 17.63889]|3
546|Lucca|[43.84369, 10.50447]|1
1036|Rome|[41.89193, 12.51133]|5
3755|Malmo|[55.60587, 13.00073]|1
2380|Finsbury|[51.531922, -0.111003]|1
885|Czechia|[49.75, 15]|1
746|Portugal|[39.6945, -8.13057]|88
811|Poland|[52, 20]|6
1085|Barcelona|[41.38879, 2.15899]|28
1156|Basel|[47.55839, 7.57327]|20
744|Lisbon|[38.71667, -9.13333]|29
745|Dublin|[53.33306, -6.24889]|133
2848|Madrid|[40.4165, -3.70256]|31
5366|Malta|[35.91667, 14.43333]|1
351|Zurich|[47.36667, 8.55]|24
4800|Bologna|[44.49381, 11.33875]|1
826|Vienna|[48.20849, 16.37208]|5
211|Belgium|[50.75, 4.5]|11
5821|Ittigen|[46.97434, 7.48281]|2
5881|Busto Arsizio|[45.61128, 8.84914]|1
907|Austria|[47.33333, 13.33333]|4
4756|Padua|[45.40797, 11.88586]|1
1974|Barons Court|[51.492675, -0.229103]|7
4015|Södertälje|[59.19554, 17.62525]|2
3588|Gothenburg|[57.70716, 11.96679]|6
617|Switzerland|[47.00016, 8.01427]|8
31|Steinerne Brücke|[51.504967, 7.464954]|3
2526|Geneva|[46.20222, 6.14569]|3
4754|Cambridge|[45.49558, 12.62079]|1
6555|Freienstein-Teufen|[47.53575, 8.59045]|1
3836|Barop|[51.48568, 7.43659]|1
6717|Antony|[48.75, 2.3]|1
4572|Amsterdam|[52.37403, 4.88969]|3
29|Netherlands|[52.25, 5.75]|2
6704|Cork|[51.89797, -8.47061]|14
5500|Sint-Agatha-Berchem|[50.86567, 4.29557]|1
1916||[51.424198, -0.3321]|1
1504|Munich|[48.13743, 11.57549]|2
1339|Staines-upon-Thames|[51.435001, -0.508783]|11
1353|Schlieren|[47.39668, 8.44763]|2
2205|Spain|[40, -4]|11
747|Ireland|[53, -8]|11
4317|Bromma|[59.34, 17.94]|1
489|Klein Glienicke|[52.39407, 13.10641]|1
869|Cluj-Napoca|[46.76667, 23.6]|1
2900|Bermondsey|[51.506802, -0.074603]|1
5291|Marbella|[36.51543, -4.88583]|1
808|Berlin|[52.52437, 13.41053]|1
6025|el Prat de Llobregat|[41.32784, 2.09472]|2
5712|Ebikon|[47.07937, 8.34041]|3
5772|Andalusia|[37.6, -4.5]|1
5231|Málaga|[36.72016, -4.42034]|1
8254|Regensburg|[49.03451, 12.11923]|1
3586|Mölndal|[57.6554, 12.01378]|1
618|Hungary|[47, 20]|3
6739|A Coruña|[43.37135, -8.396]|1
1052|Linz|[48.30639, 14.28611]|1
5163|Sant Cugat|[41.47063, 2.08611]|1
813|Katowice|[50.25841, 19.02754]|1
1035|Aarhus|[56.15674, 10.21076]|5
83|Crayford|[51.441399, 0.14861]|28
5376|Ghent|[51.05, 3.71667]|5
1345|Bern|[46.94809, 7.44744]|8
664|Leuven|[50.87959, 4.70093]|1
647|Krakow|[50.06143, 19.93658]|4
523|Nuremberg|[49.45421, 11.07752]|1
1910||[51.500999, -0.193827]|7
5432|Seville|[37.38283, -5.97317]|1
929|Iași|[47.16667, 27.6]|2
2890|Bishopbriggs|[55.91161, -4.235992]|3
1058|Stratford|[51.531783, -0.021804]|1
7032|Donegal|[54.65378, -8.11134]|1
974|Graz|[47.06667, 15.45]|1
6306|Mol|[51.19188, 5.11662]|1
5296|Anderlecht|[50.83619, 4.31454]|1
6453|Woluwe-Saint-Lambert|[50.84389, 4.42912]|1
4416|Pozuelo de Alarcón|[40.43293, -3.81338]|2
4732|Mödling|[48.08605, 16.28921]|2
4544|Winterthur|[47.50564, 8.72413]|4
1115|Penwortham|[53.757702, -2.70344]|6
1434|Turin|[45.07049, 7.68682]|1
6331|Campobasso|[41.55947, 14.66737]|1
5077|Venice|[45.43713, 12.33265]|1
64|Frankfurt am Main|[50.11552, 8.68417]|3
1304|Newport|[51.58774, -2.99835]|6
1433|Co Kildare|[53.16667, -6.75]|1
4462|Limerick|[52.66472, -8.62306]|1
1309|Fót|[47.6177, 19.1887]|1
1898|Shortlands|[51.405701, 0.01435]|2
814|Poznań|[52.40692, 16.92993]|1
6703|Galway|[53.27194, -9.04889]|1
7026|Islabekoa|[43.36045, -2.6677]|1
5276|Palma de Mallorca|[39.56939, 2.65024]|1
274|Stevenage|[51.899799, -0.202583]|16
4587|Cheseaux-sur-Lausanne|[46.58624, 6.60587]|2
918|Fulham|[51.4827, -0.183435]|2
1059|Paddington|[51.529071, -0.181476]|1
8553|Podlasie|[53.25, 23]|1
340|Walldorf|[49.30315, 8.64276]|2
2923|Stanton Saint John|[51.761375, -1.18435]|1
216|Woolstone|[52.042198, -0.7047]|3
1752|Antwerp|[51.21989, 4.40346]|2
3995||[51.451801, -0.137566]|2
3386|Gravesend|[51.441399, 0.368693]|7
3737|Crediton|[50.786301, -3.63533]|1
2429|Creggan|[54.994499, -7.32]|1
2011|Beul An Toim|[57.48333, -7.4]|1
1429|Blackwater|[50.668932, -1.29199]|1
81|Warren Street|[51.247582, 0.759211]|7
924|Hardham|[50.934212, -0.514944]|10
2034|Bassaleg|[51.5877, -2.99834]|13
981|Leckwith|[51.4813, -3.1805]|1
844|Wales|[52.5, -3.5]|7
1190|Cwmbwrla|[51.620399, -3.94663]|2
1334|Esher|[51.369598, -0.365666]|2
1677|Mayfair|[51.509892, -0.143186]|4
7220|Eastern Plain|[53.2, -0.3]|6
577|South West Peninsula|[50.5, -4]|6
884|Prague|[50.08804, 14.42076]|4
8473|Brislington|[51.454263, -2.580842]|1
2157||[51.676899, -0.607666]|1
9198||[51.3088, -0.079954]|2
1387|Abergwesyn|[52.195902, -3.747508]|6
1501|Idmiston|[51.1339, -1.70568]|3
1493||[51.39667, -3.34333]|3
1099|Wilton|[51.014702, -3.10345]|31
1270|Christchurch|[50.733799, -1.77602]|1
2221|Swansea|[51.62079, -3.94323]|1
1101|High Hazels|[53.383099, -1.4648]|36
1389|Easthampstead|[51.417, -0.746479]|3
785||[51.340698, 0.731556]|1
97|Boreham|[51.781756, 0.546014]|16
1322|Western Europe|[50.21909, 7.42676]|9
1231|Woking|[51.316799, -0.55908]|5
845|Rhostyllen|[53.046902, -2.99167]|5
77|Fleet|[51.2766, -0.842152]|3
2767|Milnrow|[53.616402, -2.15871]|13
2548|Dukinfield|[53.487499, -2.09777]|2
2833|Drumaroad|[54.324069, -5.891451]|2
3073|Cwmbran|[51.6483, -3.02562]|7
1511|Stratford-upon-Avon|[52.19166, -1.70734]|3
3451|Stepney|[51.52089, -0.052792]|7
8619|Hamsey|[50.875599, 0.017858]|2
2368|New Lanark|[55.650278, -3.78144]|1
1904||[53.04664, -2.99132]|1
9480|Chilthorne Domer|[50.947942, -2.673033]|6
360|Uxbridge|[51.54863, -0.48048]|3
1512||[51.370899, -0.492792]|7
2452|Worsthorne|[53.7869, -2.24532]|1
1044|Pogmoor|[53.552898, -1.48127]|3
46|Darley Abbey|[52.921902, -1.47564]|10
9482|Framwellgate Moor|[54.80451, -1.582037]|5
1455|Shincliffe|[54.778702, -1.55961]|11
1526|Croydon|[51.38333, -0.1]|1
725|Elephant and Castle|[51.480401, -0.110252]|4
8136|Arcantis Hotel Bristol|[43.2171, 2.3521]|4
2130||[52.301601, -0.004755]|1
849||[53.221012, -3.177144]|8
2232|Thetford|[52.4146, 0.752958]|7
1292|Banbury|[52.060001, -1.34045]|6
1109|Bedfordshire|[52, -0.5]|1
1442|Cheriton Bishop|[50.712485, -3.736703]|7
1298|Abingdon|[51.670101, -1.28501]|1
1112|Hempsted|[51.866699, -2.24867]|12
920|High Wycombe|[51.628799, -0.749466]|1
866|Worthing|[50.814701, -0.371387]|1
3206||[51.364601, -0.65432]|4
1392||[50.379522, -4.853327]|5
1639||[51.4856, -0.136914]|1
2560|Wrecclesham|[51.2141, -0.795706]|8
106|Sindlesham|[51.410999, -0.834926]|8
879|Camberley|[51.340199, -0.744399]|8
278|Farnborough|[51.293999, -0.754624]|8
971|Pitcaple|[57.311878, -2.427881]|1
295|Ahlem|[52.378818, 9.742751]|1
2355|Bergheim|[48.80231, 9.09999]|1
25|Hauptmarkt|[49.443967, 11.083642]|2
9836|Hazelwood|[53.006727, -1.52398]|1
332|Melverode|[52.263026, 10.517347]|1
302|Hinsel|[51.444823, 7.014478]|1
1014||[50.532001, -3.60874]|1
1610|Knightsbridge|[51.4944, -0.177122]|1
1226|Hoole|[53.191502, -2.89501]|4
9100|Trumpington|[52.187117, 0.130862]|1
8811||[51.3507, -2.24934]|1
2216|Isleworth|[51.459446, -0.346331]|2
400|Breitenholz|[48.573102, 8.990938]|1
2587|Bexhill|[50.849899, 0.470544]|1
554|Gamsen|[52.48539, 10.54704]|1
1157|Watford|[51.6549, -0.398203]|1
3569|Steinbach|[48.68702, 9.42476]|1
2613||[55.845402, -4.4236]|3
1307|Basildon|[51.572201, 0.462461]|2
859|Whitley|[52.4058, -1.51266]|1
310|Riddagshausen|[52.2652, 10.52228]|2
2272|Weiterstadt|[49.90569, 8.58199]|1
507|Riemerling|[48.0657, 11.66232]|1
2095|Great Linford|[52.070058, -0.741245]|1
1664|Marble Arch|[51.512672, -0.155799]|2
802|Dudley Hill|[53.7939, -1.75244]|2
10149||[51.4268, -1.85322]|1
2473|Osterley|[51.467602, -0.361799]|1
